1058154016
64313759
1499246266
345303916
2067431203
1026951791
1141137498
45091210
178204546
1263315740
820057669
2123434139
1484075687
687821856
685447279
642718242
1534703175
1810464734
846269122
1415953200
2087005692
191355594
671362369
362144343
847435694
998581629
631485954
47442897
1088813208
846285752
1030127030
2146967224
910599511
381889648
344787493
830547067
1408841440
1485924991
875638277
1587045986
601757083
1695695947
1562996477
2085832771
236034155
100960109
581067365
1770737330
1911424843
1427336487
1039206882
1850946887
1618692081
1710569251
65607583
318644127
561667232
697093537
366087024
1650480440
1543379289
1396214054
1649964017
306495153
1778103703
1994751510
1137042220
1039461495
1333192853
2012680497
479023833
1934949937
1560892796
2042020311
1873299060
1796926951
2142980420
306882777
1420180633
1906921615
1734219264
311903867
1610384855
1205427698
2022473119
1675992438
1524071825
436656703
225602327
1890158850
2087137144
1768981616
1138889256
1589617513
2075476769
769509311
1436885375
1065035341
1808970806
622594580
